// Every Waking Moment
https://destinytracker.com/destiny-2/db/items/4277547616?perks=1636108362,0,1885400500,1820235745,4082225868,4248210736,2323986101,150943605

// The Ringing Nail
https://destinytracker.com/destiny-2/db/items/93253474?perks=1636108362,3433396027,1885400500,2848615171,1015611457,3650581584,2102702010,4283235143,0,3876796314

// Subjunctive
https://destinytracker.com/destiny-2/db/items/2663204025?perks=1458010786,1482024992,1885400500,4071163871,2458213969,4248210736,736000386,1590375903
https://destinytracker.com/destiny-2/db/items/2663204025?perks=1458010786,1482024992,1885400500,4071163871,3708227201,4248210736,736000386,1590375903
https://destinytracker.com/destiny-2/db/items/2663204025?perks=1458010786,1482024992,1885400500,4071163871,4082225868,4248210736,736000386,1590375903
https://destinytracker.com/destiny-2/db/items/2663204025?perks=1458010786,1482024992,1885400500,4071163871,3425386926,4248210736,736000386,1590375903

// Last Man Standing
https://destinytracker.com/destiny-2/db/items/755130877?perks=3983457027,1047830412,3142289711,3300816228,2679249093,4248210736,2323986101,2697220197,905869860,2931483505

// Misfit
https://destinytracker.com/destiny-2/db/items/819441402?perks=878286503,809345547,1885400500,2387244414,3425386926,1821705878,4091000557,150943603

// Erentil FR4
https://destinytracker.com/destiny-2/db/items/3027844941?perks=1019291327,1628165636,2969185026,3300816228,1600092898,4248210736,2323986101,2697220197,0,2285418970
https://destinytracker.com/destiny-2/db/items/3027844941?perks=1019291327,1628165636,2969185026,1645158859,2213355989,4248210736,2323986101,2697220197,0,2285418970

// Duke Mk. 44
https://destinytracker.com/destiny-2/db/items/2112909414?perks=3468089894,1926090091,247725512,1885400500,1015611457,1821705878,2323986101,518224747